2 4
3 6
4 9
5 12
6 75
7 30
8 70
9 56
10 2403
11 280
12 3465
13 210
14 793
15 4732
16 3213
17 1456
18 31110
19 612
20 67203
21 145540
22 464646
23 2640
24 476938
25 21000
26 86550
27 234026
28 1053702
29 34776
30 37584001
31 8100
32 2301456
33 77780756
34 61924632
35 26515138
36 105846930
37 665280
38 622999377
39 233999782
40 510752034
41 1154440
42 5567268681
43 24458112
44 191137416
45 2115072003
46 236924325
47 3076480
48 2641061412
49 4255968
50 4060800030
51 2069262000
52 40638048276
53 35865700
54 115993207876
55 221981623878
56 247307719725
57 218175259280
58 34156387476
59 4967281530
60 2117441088029
61 569181900
62 155275274056
63 216949362182
64 2600001558
65 1936512990784
66 1618958347825
67 1178168706
68 260686545186
69 709479687556
70 66383308992066
71 13760436550
72 890473430071
73 40861892736
74 3146202243081
75 32639932074432
